false_919730034855-1372261572@g.us_403E0077CDA109504D9B350C0BFCD850_917028033334
false_919730034855-1372261572@g.us_59BD6BEFF133D2E54983E75CFD67253D_919049651378
false_919730034855-1372261572@g.us_3167096166475CF35EA696B5C65C277B_917028033334
false_919730034855-1372261572@g.us_7A6D2DD640A8C7C59D4F4E48FE0381B3_919049651378
false_919730034855-1372261572@g.us_F79344670C264BB5322F856400483243_917028033334
false_919730034855-1372261572@g.us_3A39A30BC4D720E406E3_919986071331
false_919730034855-1372261572@g.us_0FB17F9828D5717F22DEE27921664C7D_917028033334
false_919730034855-1372261572@g.us_8EB56FF35EAEC6EA823270C2C28B2605_917028033334

5655320307
1176042290
6519010921
9181309055
1586009670
2787625431
1135785475
9196227339
1589350773
1589448208
8303713744
4172060789
9197171268
1606651735
2299797180
3078218540
1439009316
1497058221
1381011332
8958692299
9181306051
1578418040
1584858297
2799093829
5201861846
9177479678
1401431336
1462272587
1111693735
5733949208
9194735817
1547872090
1576322811
1710880880
5459421951
9196329099
1606667074
9434803994
5589054386
4198590648
6145638100
1434276935
1597299612
4259764679
7252534780
1443531469
1473950922
2407426712
2467072357
6591673240
1450714273
1532071858
8158520954
1055331575
9198486051
1449590467
1521523866
3066761533
7428900877
9199990056
1423183086
1474022319
5765115995
1587691453
9199111127
1443684420
1443696719
3083804165
2460850410
7093810002
9177080914
1418998914
1457542333
3711389240
1849827736
9195992068
1603768484
1701517414
6349588377
7940754465
9181309155
1531503121
1600190175
1254468251
9074318961
9180772035
1604302380
6359559302
3489396697
9198717284
1514265544
1540884694
6435018828
2633771903
9199682737
1550994303
1584858385
5136983093
4396235800
1577593429
(732) 789-6603
3167096166
9190496513
8564004832
9199860713
9197300348
1372261572
9170280333
1621455431
1063127757
